                 mean     sd  hdi_3%  hdi_97%  mcse_mean  mcse_sd  ess_bulk  ess_tail  r_hat
storativity   -16.490  0.742 -17.918  -15.308      0.108    0.077      50.0      56.0   1.15
young_modulus  24.741  0.534  23.888   25.795      0.098    0.070      30.0      77.0   1.27
init_stress_x  17.293  0.213  16.920   17.696      0.041    0.029      28.0     106.0   1.29
init_stress_y  16.327  0.305  15.754   16.898      0.053    0.038      34.0      60.0   1.25
perm_k0       -49.013  1.045 -50.783  -47.021      0.150    0.108      56.0      53.0   1.12
perm_eps       33.078  8.711  17.527   48.591      1.588    1.138      32.0     163.0   1.24
perm_delta    -36.862  0.104 -37.063  -36.692      0.016    0.012      49.0      47.0   1.15
perm_gamma      1.808  0.098   1.616    2.008      0.021    0.015      23.0      28.0   1.37

7322 accepted
22678 rejected
0.24406666666666665 acceptance rate