                 mean     sd  hdi_3%  hdi_97%  mcse_mean  mcse_sd  ess_bulk  ess_tail  r_hat
young_modulus  24.611  0.199  24.238   24.909      0.043    0.031      18.0      44.0   1.56
init_stress_x  17.314  0.190  17.014   17.721      0.053    0.039      13.0      14.0   2.23
init_stress_y  16.465  0.280  16.036   17.069      0.082    0.059      12.0      13.0   2.54
init_stress_z  17.906  0.238  17.472   18.365      0.070    0.051      12.0      18.0   2.65
perm_k0       -49.113  0.887 -51.596  -48.054      0.222    0.162      23.0      14.0   1.37
perm_eps       36.186  9.820  21.199   53.701      2.880    2.090      12.0      39.0   2.40
perm_delta    -36.861  0.100 -37.023  -36.689      0.028    0.021      13.0      36.0   2.15
perm_gamma      1.842  0.148   1.582    2.102      0.045    0.033      11.0      14.0   3.58

2248 accepted
7752 rejected
0.2248 acceptance rate