                 mean     sd  hdi_3%  hdi_97%  mcse_mean  mcse_sd  ess_bulk  ess_tail  r_hat
young_modulus  24.862  0.255  24.454   25.218      0.074    0.054      13.0      34.0   2.22
init_stress_x  17.487  0.283  17.075   18.009      0.087    0.063      11.0      23.0   3.82
init_stress_y  16.286  0.277  15.844   16.837      0.083    0.061      11.0      18.0   3.03
perm_k0       -49.736  1.525 -52.075  -46.921      0.458    0.334      11.0      15.0   3.19
perm_eps       31.361  7.180  21.858   43.609      2.173    1.584      11.0      22.0   3.01
perm_delta    -36.917  0.146 -37.130  -36.649      0.045    0.033      11.0      17.0   3.67
perm_gamma      1.818  0.066   1.682    1.905      0.020    0.015      11.0      14.0   2.95

418 accepted
9582 rejected
0.0418 acceptance rate